Sidi_Slimane: 487539.370057
Sidi_Bennour: 488525.789800
Arfoud: 488703.969846
Meknes: 490824.879911
Essaouira: 490893.020083
Chichaoua: 490949.169940
Souk_Larbaa: 490963.630052
Guelmim: 490966.699959
Akhfenir: 491168.330165
Ahfir: 491710.589827
Moulay_Bousselham: 491852.110031
Skhirate: 492073.010180
Sale: 492548.520054
Tiflet: 493089.289777
Bir_Lehlou: 493509.239874
Tichka: 493601.970085
Larache: 494196.450182
Rabat: 494260.450347
Berrechid: 494379.050007
Béni_Mellal: 494521.389914
Berkane: 494845.540094
Al_Hoceima: 495105.720183
Settat: 495525.229921
Dakhla: 495716.829848
Bni_Hadifa: 495726.959918
Demnate: 495791.140091
Fquih_Ben_Salah: 495929.440051
Kenitra: 496136.440188
Mohammedia: 496447.270132
Fes: 496451.900042
Laâyoune: 496648.760002
Layoune: 496830.210108
Guelta_Zemmur: 496959.409930
Agadir: 497609.359968
Errachidia: 497669.700206
Midelt: 497875.230130
Tan-Tan: 497904.019703
Imzouren: 498250.920220
Tinghir: 498353.690197
Ksar_El_Kebir: 498590.589992
Bouarfa: 498859.290152
Goulmima: 498909.639802
Sidi_Ifni: 499037.369909
Bab_Taza: 499220.419983
Tafraout: 499229.989856
Sefrou: 499268.270143
Azrou: 499558.429853
Khemisset: 499672.120103
Taourirt: 499747.489966
Khenifra: 499806.180070
Zemamra: 499816.160143
Sidi_Bouzid: 500064.259792
Oulad_Teima: 500222.319949
Tetouan: 500241.689628
Ben_guerir: 500382.799953
Ifrane: 500454.490054
Safi: 500470.159823
Bir_Anzerane: 500767.700228
Inezgane: 500834.359890
Oujda_Angad: 500844.739799
Figuig: 500845.579974
Oujda: 501008.510007
El_Jadida: 501116.739896
Tichla: 501199.540111
Assa: 501355.880000
Khouribga: 501580.189921
Smara: 501638.780138
Ait_Melloul: 501701.120021
had_soualem: 501849.880288
Laayoune: 502120.089912
Azilal: 502359.390193
Taroudant: 502843.220251
Tangier: 503092.149746
Ouazzane: 503252.460077
Guerguerat: 503358.289886
Guercif: 503637.309769
Sidi_Kacem: 503850.530257
Chefchaouen: 504293.919931
Saidia: 504575.079815
Tiznit: 505151.100028
Bab_Berred: 505208.739837
Jerada: 505846.989675
Casablanca: 506335.329972
Ouarzazate: 506432.670114
Tarfaya: 506480.070097
Drarga: 506523.180025
Marrakech: 506549.339678
Jorf_El_Melha: 506598.939907
Zagora: 506782.739515
Nador: 507170.980101
Boujdour: 508145.719900
Aourir: 508319.190033
Boulemane: 508361.879929
Taza: 508485.400223
Ksar_es_Seghir: 509313.200129
Asilah: 509724.320047
Kalaat_MGouna: 510691.359863
Midar: 511437.210263
Temara: 511740.630131
Youssoufia: 511848.259946
Beni_Mellal: 512265.820139
